34,19,41,67,85,27,31,49,13,58,62,71,89,98,11,25,39,43,46,53,56,59,61,65,68,72,74,76,82,86,91,93,97
14,28,35,42,51,55,63,66,69,73,77,81,84,87,92,94,95,96,99,10,11,12,15,16,17,18,20,21,22,23,24,26,29,30,32,33,36,37,38,40,44,45,47,48,50,52,54,57,60,64
46,91,18,67,25,39,82,59,13,76,27,31,41,49,53,56,61,65,68,71,73,77,81,84,87,92,94,95,96,98,10,11,12,14,15,16,17,19,20,21,22,23,24,26,28,29,30,32,33,34,35,36,37,38,40,42,43,44,45,47,48,50,52,54,57,60,62,63,64
81,22,95,48,69,11,56,34,88,27,31,41,49,53,56,61,65,68,71,73,77,81,84,87,92,94,95,96,98,10,11,12,14,15,16,17,19,20,21,23,24,25,26,28,29,30,32,33,35,36,37,38,40,42,43,44,45,46,47,50,52,54,57,60,62,63,64
25,89,43,67,19,31,98,56,72,11,14,28,35,42,51,55,63,66,69,73,77,81,84,87,92,94,95,96,99,10,12,15,16,17,18,20,21,22,23,24,26,29,30,32,33,36,37,38,40,44,45,47,48,50,52,54,57,60,62,64
53,29,81,97,35,62,46,18,75,59,13,27,31,41,49,53,56,61,65,68,71,73,77,81,84,87,92,94,95,96,98,10,11,12,14,15,16,17,19,20,21,22,23,24,25,26,28,30,32,33,34,36,37,38,40,42,43,44,45,47,48,50,52,54,57,60,62,63,64
91,13,67,28,41,85,19,73,56,32,11,14,25,29,35,42,51,55,63,66,69,73,77,81,84,87,92,94,95,96,99,10,12,15,16,17,18,20,21,22,23,24,26,27,30,31,33,34,36,37,38,40,43,44,45,46,47,48,50,52,54,57,60,62,64
17,49,93,71,39,61,85,22,58,14,25,29,35,42,51,55,63,66,69,73,77,81,84,87,92,94,95,96,99,10,11,12,13,15,16,18,20,21,23,24,26,27,28,30,31,32,33,34,36,37,38,40,43,44,45,46,47,48,50,52,54,57,60,62,64
82,59,13,76,46,91,18,67,25
38,49,67,85,27,31,41,53,56,61,65,68,71,73,77,81,84,87,92,94,95,96,98,10,11,12,14,15,16,17,19,20,21,22,23,24,25,26,28,29,30,32,33,34,35,36,37,40,42,43,44,45,47,48,50,52,54,57,60,62,63,64
94,19,41,67,85,27,31,49,13,58,62,71,89,98,11,25,39,43,46,53,56,59,61,65,68,72,74,76,82,86,91,93,97,10,12,15,16,17,18,20,21,22,23,24,26,28,29,30,32,33,36,37,38,40,44,45,47,48,50,52,54,57,60,62,64
46,91,18,67,25,39,82,59,13,76,27,31,41,49,53,56,61,65,68,71,73,77,81,84,87,92,94,95,96,98,10,11,12,14,15,16,17,19,20,21,22,23,24,26,28,29,30,32,33,34,35,36,37,38,40,42,43,44,45,47,48,50,52,54,57,60,62,63,64
81,22,95,48,69,11,56,34,88,27,31,41,49,53,56,61,65,68,71,73,77,81,84,87,92,94,95,96,98,10,11,12,14,15,16,17,19,20,21,23,24,25,26,28,29,30,32,33,35,36,37,38,40,42,43,44,45,46,47,50,52,54,57,60,62,63,64
25,89,43,67,19,31,98,56,72,11,14,28,35,42,51,55,63,66,69,73,77,81,84,87,92,94,95,96,99,10,12,15,16,17,18,20,21,22,23,24,26,29,30,32,33,36,37,38,40,44,45,47,48,50,52,54,57,60,62,64
53,29,81,97,35,62,46,18,75,59,13,27,31,41,49,53,56,61,65,68,71,73,77,81,84,87,92,94,95,96,98,10,11,12,14,15,16,17,19,20,21,22,23,24,25,26,28,30,32,33,34,36,37,38,40,42,43,44,45,47,48,50,52,54,57,60,62,63,64
91,13,67,28,41,85,19,73,56,32,11,14,25,29,35,42,51,55,63,66,69,73,77,81,84,87,92,94,95,96,99,10,12,15,16,17,18,20,21,22,23,24,26,27,30,31,33,34,36,37,38,40,43,44,45,46,47,48,50,52,54,57,60,62,64
17,49,93,71,39,61,85,22,58,14,25,29,35,42,51,55,63,66,69,73,77,81,84,87,92,94,95,96,99,10,11,12,13
34,19,41,67,85,27,31,49,13,58,62,71,89,98,11,25,39,43,46,53,56,59,61,65,68,72,74,76,82,86,91,93,97,10,12,15,16,17,18,20,21,22,23,24,26,28,29,30,32,33,36,37,38,40,44,45,47,48,50,52,54,57,60,62,64
14,28,35,42,51,55,63,66,69,73,77,81,84,87,92,94,95,96,99,10,11,12,15,16,17,18,20,21,22,23,24,26,29,30,32,33,36,37,38,40,44,45,47,48,50,52,54,57,60,64
46,91,18,67,25,39,82,59,13,76,27,31,41,49,53,56,61,65,68,71,73,77,81,84,87,92,94,95,96,98,10,11,12,14,15,16,17,19,20,21,22,23,24,26,28,29,30,32,33,34,35,36,37,38,40,42,43,44,45,47,48,50,52,54,57,60,62,63,64
81,22,95,48,69,11,56,34,88,27,31,41,49,53,56,61,65,68,71,73,77,81,84,87,92,94,95,96,98,10,11,12,14,15,16,17,19,20,21,23,24,25,26,28,29,30,32,33,35,36,37,38,40,42,43,44,45,46,47,50,52,54,57,60,62,63,64
25,89,43,67,19,31,98,56,72,11,14,28,35,42,51,55,63,66,69,73,77,81,84,87,92,94,95,96,99,10,12,15,16,17,18,20,21,22,23,24,26,29,30,32,33,36,37,38,40,44,45,47,48,50,52,54,57,60,62,64
53,29,81,97,35,62,46,18,75,59,13,27,31,41,49,53,56,61,65,68,71,73,77,81,84,87,92,94,95,96,98,10,11,12,14,15,16,17,19,20,21,22,23,24,25,26,28,30,32,33,34,36,37,38,40,42,43,44,45,47,48,50,52,54,57,60,62,63,64
91,13,67,28,41,85,19,73,56,32,11,14,25,29,35,42,51,55,63,66,69,73,77,81,84,87,92,94,95,96,99,10,12,15,16,17,18,20,21,22,23,24,26,27,30,31,33,34,36,37,38,40,43,44,45,46,47,48,50,52,54,57,60,62,64
17,49,93,71,39,61,85,22,58,14,25,29,35,42,51,55,63,66,69,73,77,81,84,87,92,94,95,96,99,10,11,12,13,15,16,18,20,21,23,24,26,27,28,30,31
